-0.0016312545603981525
-0.002027304795371786
-0.002543824615626277
-0.0028958456068554793
-0.00262441188224806
-0.0011615776950002672
0.0020678859991311196
0.007525326981297778
0.01544027724938181
0.02571958803765763
0.037903908231031055
0.0511840085006061
0.06447885269308962
0.07656587349640795
0.08624382952122767
0.09250189810854581
0.09466666666666668
0.09250189810854581
0.08624382952122767
0.07656587349640795
0.06447885269308962
0.0511840085006061
0.037903908231031055
0.02571958803765763
0.01544027724938181
0.007525326981297778
0.0020678859991311196
-0.0011615776950002672
-0.00262441188224806
-0.0028958456068554793
-0.002543824615626277
-0.002027304795371786
-0.0016312545603981525
